114047908 4,9,7,2,10,8,3,1,6,5
114047907 3,8,10,7,5,9,1,2,6,4
114047906 2,6,3,4,10,7,1,5,8,9
114047905 4,9,1,7,5,2,8,6,3,10
114047904 9,4,10,6,1,5,7,3,8,2
114047903 6,7,3,8,9,5,1,10,4,2
114047902 7,6,5,3,10,8,2,4,9,1
114047901 10,2,3,5,8,9,1,6,7,4
114047900 9,7,4,8,10,6,5,1,3,2
114047899 6,4,5,2,10,8,7,1,3,9
114047898 2,8,6,10,4,1,3,9,7,5
114047897 3,2,4,8,10,9,7,5,6,1
114047896 6,2,7,8,10,1,3,4,9,5
114047895 3,2,6,10,4,9,5,1,7,8
114047894 8,7,10,3,2,4,9,5,6,1
114047893 3,4,6,9,2,10,8,5,7,1
114047892 6,5,7,4,2,8,3,1,10,9
114047891 2,5,9,1,6,8,10,7,3,4
114047890 8,9,10,2,3,5,1,7,6,4
114047889 4,2,3,9,10,6,5,8,1,7
114047888 10,8,7,5,4,1,6,9,2,3
114047887 2,1,8,7,10,6,4,3,5,9
114047886 2,4,7,3,1,9,5,10,6,8
114047885 3,4,6,7,10,8,2,1,5,9
114047884 5,7,10,2,8,3,9,1,6,4
114047883 6,10,3,4,5,2,7,1,9,8
114047882 5,9,8,10,6,3,2,1,7,4
114047881 9,7,6,10,5,8,1,3,2,4
114047880 3,6,5,7,2,10,8,4,1,9
114047879 5,10,9,8,1,6,2,3,7,4
114047878 9,3,2,1,8,5,6,7,4,10
114047877 1,10,8,3,4,7,6,2,5,9
114047876 1,9,8,3,4,7,10,5,6,2
114047875 6,7,9,8,1,10,5,4,2,3
114047874 2,7,10,3,9,1,5,4,8,6
114047873 10,4,8,7,2,5,6,9,1,3
114047872 4,7,9,8,10,6,1,2,3,5
114047871 4,5,7,1,3,2,6,8,9,10
114047870 6,4,3,7,8,9,5,1,10,2
114047869 2,8,1,9,6,7,5,10,4,3
114047868 3,10,6,2,7,1,9,8,5,4
114047867 8,3,2,4,9,1,10,7,6,5
114047866 9,1,5,8,3,4,6,2,7,10
114047865 3,4,8,9,2,7,1,6,5,10
114047864 2,1,8,5,3,10,4,7,6,9
114047863 4,3,5,9,10,1,7,6,8,2
114047862 5,2,9,6,3,10,1,7,8,4
114047861 4,9,10,8,2,7,3,5,6,1
114047860 10,3,6,9,5,8,4,1,7,2
114047859 8,6,2,7,10,5,4,1,3,9
114047858 8,2,3,4,5,10,7,9,1,6
114047857 10,5,1,9,4,2,7,3,6,8
114047856 10,5,7,3,6,9,4,2,8,1
114047855 9,4,6,5,1,7,8,3,2,10
114047854 6,4,2,5,3,9,7,10,1,8
114047853 8,4,2,7,1,10,6,3,9,5
114047852 4,1,8,7,3,2,10,9,5,6
114047851 10,4,2,9,5,8,3,6,1,7
114047850 10,7,5,8,1,9,2,4,3,6
114047849 6,5,8,1,9,2,4,7,3,10
114047848 9,5,4,6,1,2,7,10,8,3
114047847 6,10,5,3,4,9,8,7,2,1
114047846 7,8,10,4,6,3,2,9,1,5
114047845 2,9,4,7,8,3,1,6,5,10
114047844 7,9,2,5,10,8,3,4,6,1
114047843 1,3,2,5,6,7,8,9,4,10
114047842 6,9,7,2,5,8,1,10,4,3
114047841 10,6,1,2,4,7,8,3,9,5
114047840 1,10,4,5,8,3,7,9,6,2
114047839 3,7,2,5,1,10,4,6,9,8
114047838 5,6,8,10,7,3,2,9,4,1
114047837 10,4,3,8,1,2,7,9,5,6
114047836 5,7,10,6,8,4,3,9,1,2
114047835 8,10,6,3,4,7,5,2,1,9
114047834 7,9,10,1,4,5,3,8,2,6
114047833 4,5,8,10,9,6,1,7,3,2
114047832 7,9,1,4,2,3,5,6,10,8
114047831 5,4,7,1,8,2,6,10,9,3
114047830 1,3,4,10,9,2,7,6,8,5
114047829 7,1,8,6,10,5,3,2,4,9
114047828 9,4,1,6,3,2,8,7,5,10
114047827 10,8,5,4,1,3,7,6,9,2
114047826 7,2,6,4,3,8,9,5,1,10
114047825 8,3,9,4,6,7,5,10,2,1
114047824 4,7,2,1,3,10,5,9,8,6
114047823 3,6,1,5,4,7,2,8,10,9
114047822 1,10,5,4,6,9,3,2,7,8
114047821 4,7,2,10,3,6,8,5,9,1
114047820 1,8,9,5,10,4,3,7,6,2
114047819 9,7,4,2,8,3,1,5,10,6
114047818 7,6,4,5,2,3,8,9,10,1
114047817 6,1,8,3,7,9,10,5,2,4
114047816 2,4,8,1,9,3,5,6,10,7
114047815 9,2,10,1,4,8,5,3,7,6
114047814 9,8,4,1,3,2,7,5,6,10
114047813 3,2,7,10,8,6,1,4,5,9
114047812 3,5,10,7,6,1,4,8,2,9
114047811 9,10,1,7,6,4,3,5,2,8
114047810 2,7,6,3,1,8,5,9,10,4
114047809 5,4,7,2,6,9,1,10,8,3
114047808 3,7,4,8,9,10,1,2,5,6
114047807 10,4,3,1,7,2,8,6,9,5
114047806 5,3,10,2,8,1,4,7,9,6
114047805 5,10,4,2,8,9,3,6,1,7
114047804 8,4,10,9,7,5,2,3,6,1
114047803 2,3,6,8,5,4,9,1,10,7
114047802 1,6,9,8,2,5,10,7,3,4
114047801 2,3,5,9,6,4,7,1,10,8
114047800 9,5,7,3,6,1,10,4,8,2
114047799 5,4,3,7,1,6,8,10,9,2
114047798 9,6,10,5,1,2,8,3,7,4
114047797 2,1,6,10,8,7,5,3,4,9
114047796 1,9,3,7,4,6,5,2,10,8
114047795 6,1,4,3,8,5,9,10,2,7
114047794 3,7,1,8,2,4,9,6,10,5
114047793 9,5,2,1,6,4,3,10,8,7
114047792 10,6,2,7,5,8,1,4,3,9
114047791 4,7,9,1,3,8,2,5,10,6
114047790 1,8,5,2,9,7,6,4,3,10
114047789 4,5,6,1,8,10,9,7,2,3
114047788 6,5,3,4,1,10,2,8,7,9
114047787 5,9,1,7,8,2,6,4,3,10
114047786 7,2,8,9,5,4,6,1,3,10
114047785 8,2,7,1,10,9,5,3,6,4
114047784 9,3,7,8,4,2,5,10,6,1
114047783 5,1,8,4,7,2,6,9,3,10
114047782 2,8,6,10,9,3,7,5,4,1
114047781 4,1,2,6,5,9,7,10,8,3
114047780 6,3,8,10,9,1,7,4,5,2
114047779 10,9,1,2,3,5,7,4,8,6
114047778 7,4,1,6,9,8,3,10,2,5
114047777 8,2,5,3,7,9,10,4,1,6
114047776 10,1,6,3,7,4,2,9,8,5
114047775 1,5,6,8,4,3,7,2,9,10
114047774 7,10,9,6,5,2,8,3,1,4
114047773 4,8,3,2,6,1,7,9,10,5
114047772 3,2,5,9,4,1,8,6,7,10
114047771 7,10,2,6,5,1,9,8,4,3
114047770 9,7,1,4,2,3,8,6,10,5
114047769 2,6,4,3,8,10,7,1,5,9
114047768 6,5,2,8,9,10,4,1,3,7
114047767 7,5,1,9,2,10,6,3,8,4
114047766 6,3,7,4,8,10,1,2,9,5
114047765 8,4,2,7,10,1,9,3,5,6
114047764 1,2,6,8,5,4,10,7,9,3
114047763 8,5,6,1,4,3,7,10,2,9
114047762 7,6,3,10,1,4,2,9,5,8
114047761 4,7,9,3,2,10,1,6,8,5
114047760 1,2,10,9,4,3,8,5,6,7
114047759 4,3,2,10,8,6,7,5,9,1
114047758 5,6,8,3,10,9,7,1,4,2
114047757 1,6,9,5,4,8,7,3,2,10
114047756 7,8,6,9,3,4,1,5,10,2
114047755 9,3,7,2,8,5,6,1,10,4
114047754 1,10,7,6,5,8,3,9,2,4
114047753 7,4,2,6,8,9,5,3,10,1
114047752 8,7,5,10,6,2,1,3,9,4
114047751 8,7,5,4,3,6,2,9,10,1
114047750 10,7,2,8,4,1,3,6,9,5
114047749 7,4,9,1,2,5,6,3,10,8
114047748 6,5,2,7,10,4,9,1,8,3
114047747 2,10,6,8,7,9,4,5,1,3
114047746 10,9,4,5,3,1,2,7,8,6
114047745 6,4,5,2,8,7,9,10,3,1
114047744 1,10,2,6,5,4,8,9,7,3
114047743 2,3,10,6,5,7,8,1,4,9
114047742 2,4,3,6,10,9,1,5,8,7
114047741 6,9,7,5,4,2,1,8,10,3
114047740 9,10,4,2,1,7,5,3,6,8
114047739 3,5,10,4,6,9,1,8,2,7
114047738 7,3,10,9,5,6,1,8,4,2
114047737 6,8,1,5,9,10,7,2,4,3
114047736 9,6,7,4,1,5,8,10,3,2
114047735 7,2,10,1,6,8,5,4,9,3
114047734 4,1,6,7,9,5,10,2,3,8
114047733 6,4,10,3,7,1,8,2,5,9
114047732 5,9,7,3,6,8,10,2,1,4
114047731 9,5,4,10,1,7,8,2,3,6
114047730 1,2,3,9,5,8,7,4,6,10
114047729 6,10,1,8,7,4,5,3,9,2
114047728 4,5,10,2,3,7,9,6,1,8
114047727 5,9,1,4,3,8,10,6,2,7
114047726 3,4,2,6,1,8,9,7,5,10
114047725 3,10,1,9,8,6,7,2,5,4
114047724 4,7,5,9,2,10,3,6,8,1
114047723 4,9,5,8,3,7,2,6,10,1
114047722 10,9,2,5,4,8,6,1,3,7
114047721 7,10,8,9,6,3,5,2,4,1
114047720 9,4,1,7,8,10,5,6,2,3
114047719 1,8,7,6,4,3,9,10,5,2
114047718 4,10,9,2,1,3,6,8,5,7
114047717 5,10,1,3,6,4,9,2,8,7
114047716 9,3,2,5,4,1,10,8,6,7
114047715 2,7,10,3,8,4,1,6,5,9
114047714 8,1,3,2,10,9,6,7,4,5
114047713 1,9,4,2,3,5,8,6,10,7
114047712 4,5,9,6,7,1,8,3,2,10
114047711 5,6,8,1,4,9,7,3,10,2
114047710 4,9,6,8,3,2,1,10,5,7
114047709 5,6,3,4,9,10,1,8,2,7
114047708 2,10,4,3,6,5,8,9,1,7
114047707 8,6,1,7,2,3,9,5,4,10
114047706 7,10,5,3,4,9,1,6,2,8